Age,Tm,Location,Opp,PTS,Day,Month,Year
39.81147540983606,14.0,0.0,18.0,16.0,22.0,10.0,2024.0
39.81967213114754,14.0,0.0,24.0,21.0,25.0,10.0,2024.0
39.822404371584696,14.0,0.0,26.0,32.0,26.0,10.0,2024.0
39.82786885245902,14.0,1.0,24.0,11.0,28.0,10.0,2024.0
39.833333333333336,14.0,1.0,6.0,26.0,30.0,10.0,2024.0
39.83879781420765,14.0,1.0,29.0,27.0,1.0,11.0,2024.0
39.84699453551912,14.0,1.0,9.0,20.0,4.0,11.0,2024.0
39.85245901639344,14.0,1.0,15.0,39.0,6.0,11.0,2024.0
39.85792349726776,14.0,0.0,23.0,21.0,8.0,11.0,2024.0
39.86338797814208,14.0,0.0,29.0,19.0,10.0,11.0,2024.0
39.87158469945355,14.0,0.0,15.0,35.0,13.0,11.0,2024.0
39.877049180327866,14.0,1.0,27.0,15.0,15.0,11.0,2024.0
39.87978142076503,14.0,1.0,19.0,21.0,16.0,11.0,2024.0
39.887978142076506,14.0,0.0,30.0,26.0,19.0,11.0,2024.0
39.89344262295082,14.0,0.0,22.0,31.0,21.0,11.0,2024.0
39.89890710382514,14.0,0.0,8.0,18.0,23.0,11.0,2024.0
39.90710382513661,14.0,1.0,24.0,18.0,26.0,11.0,2024.0
39.90983606557377,14.0,1.0,27.0,16.0,27.0,11.0,2024.0
39.91530054644809,14.0,0.0,21.0,12.0,29.0,11.0,2024.0
39.9207650273224,14.0,1.0,30.0,27.0,1.0,12.0,2024.0
39.923497267759565,14.0,1.0,18.0,10.0,2.0,12.0,2024.0
39.9289767198144,14.0,1.0,16.0,,4.0,12.0,2024.0
39.9344561718692,14.0,1.0,1.0,,6.0,12.0,2024.0
39.939935623924,14.0,0.0,25.0,,8.0,12.0,2024.0
39.953634254061,14.0,1.0,18.0,,13.0,12.0,2024.0
39.9591137061158,14.0,0.0,15.0,,15.0,12.0,2024.0
39.9700726102254,14.0,1.0,26.0,,19.0,12.0,2024.0
39.9755520622802,14.0,1.0,26.0,,21.0,12.0,2024.0
39.981031514335,14.0,0.0,9.0,,23.0,12.0,2024.0
39.9865109663898,14.0,1.0,10.0,,25.0,12.0,2024.0
39.994730144472,14.0,0.0,26.0,,28.0,12.0,2024.0
40.0029493225542,14.0,0.0,6.0,,31.0,12.0,2024.0